881375877752 
881375877769 
881375877776 
881375877783 
881375877790 
881375877806 
881375877813 
881375877820 
881375877837 
881375877844 
881375877851 
881375877868 
881375877875 
881375877882 
881375877899 
881375877905 
881375877912 
881375877929 
881375877936 
881375877943 
881375877950 
881375877967 
881375877974 
881375877981 
881375877998 
881375878001 
881375878018 
881375878025 
881375878032 
881375878049 
881375878056 
881375878063 
881375878070 
881375878087 
881375878094 
881375878100 
881375878117 
881375878124 
881375878131 
881375878148 
881375878155 
881375878162 
881375878179 
881375878186 
881375878193 
881375878209 
881375878216 
881375878223 
881375878230 
881375878247 
881375878254 
881375878261 
881375878278 
881375878285 
881375878292 
881375878308 
881375878315 
881375878322 
881375878339 
881375878346 
881375878353 
881375878360 
881375878377 
881375878384 
881375878391 
881375878407 
881375878414 
881375878421 
881375878438 
881375878445 
881375878452 
881375878469 
881375878476 
881375878483 
881375878490 
881375878506 
881375878513 
881375878520 
881375878537 
881375878544 
881375878551 
881375878568 
881375878575 
881375878582 
881375878599 
881375878605 
881375878612 
881375878629 
881375878636 
881375878643 
881375878650 
881375878667 
881375878674 
881375878681 
881375878698 
881375878704 
881375878711 
881375878728 
881375878735 
881375878742 
881375878759 
881375878766 
881375878773 
881375878780 
881375878797 
881375878803 
881375878810 
881375878827 
881375878834 
881375878841 
881375878858 
881375878865 
881375878872 
881375878889 
881375878896 
881375878902 
881375878919 
881375878926 
881375878933 
881375878940 
881375878957 
881375878964 
881375878971 
881375878988 
881375878995 
881375879008 
881375879015 
881375879022 
881375879039 
881375879046 
881375879053 
881375879060 
881375879077 
881375879084 
881375879091 
881375879107 
881375879114 
881375879121 
881375879138 
881375879145 
881375879152 
881375879169 
881375879176 
881375879183 
881375879190 
881375879206 
881375879213 
881375879220 
881375879237 
881375879244 
881375879251 
881375879268 
881375879275 
881375879282 
881375879299 
881375879305 
881375879312 
881375879329 
881375879336 
881375879343 
881375879350 
881375879367 
881375879374 
881375879381 
881375879398 
881375879404 
881375879411 
881375879428 
881375879435 
881375879442 
881375879459 
881375879466 
881375879473 
881375879480 
881375879497 
881375879503 
881375879510 
881375879527 
881375879534 
881375879541 
881375879558 
881375879565 
881375879572 
881375879589 
881375879596 
881375879602 
881375879619 
881375879626 
881375879633 
881375879640 
881375879657 
881375879664 
881375879671 
881375879688 
881375879695 
881375879701 
881375879718 
881375879725 
881375879732 
881375879749 
881375879756 
881375879763 
881375879770 
881375879787 
881375879794 
881375879800 
881375879817 
881375879824 
881375879831 
881375879848 
881375879855 
881375879862 
881375879879 
881375879886 
881375879893 
881375879909 
881375879916 
881375879923 
881375879930 
881375879947 
881375879954 
881375879961 
881375879978 
881375879985 
881375879992 
881375880004 
881375880011 
881375880028 
881375880035 
881375880042 
881375880059 
881375880066 
881375880073 
881375880080 
881375880097 
881375880103 
881375880110 
881375880127 
881375880134 
881375880141 
881375880158 
881375880165 
881375880172 
881375880189 
881375880196 
881375880202 
881375880219 
881375880226 
881375880233 
881375880240 
881375880257 
881375880264 
881375880271 
881375880288 
881375880295 
881375880301 
881375880318 
881375880325 
881375880332 
881375880349 
881375880356 
881375880363 
881375880370 
881375880387 
881375880394 
881375880400 
881375880417 
881375880424 
881375880431 
881375880448 
881375880455 
881375880462 
881375880479 
881375880486 
881375880493 
881375880509 
881375880516 
881375880523 
881375880530 
881375880547 
881375880554 
881375880561 
881375880578 
881375880585 
881375880592 
881375880608 
881375880615 
881375880622 
881375880639 
881375880646 
881375880653 
881375880660 
881375880677 
881375880684 
881375880691 
881375880707 
881375880714 
881375880721 
881375880738 
881375880745 
881375880752 
881375880769 
881375880776 
881375880783 
881375880790 
881375880806 
881375880813 
881375880820 
881375880837 
881375880844 
881375880851 
881375880868 
881375880875 
881375880882 
881375880899 
881375880905 
881375880912 
881375880929 
881375880936 
881375880943 
881375880950 
881375880967 
881375880974 
881375880981 
881375880998 
881375881001 
881375881018 
881375881025 
881375881032 
881375881049 
881375881056 
881375881063 
881375881070 
881375881087 
881375881094 
881375881100 
881375881117 
881375881124 
881375881131 
881375881148 
881375881155 
881375881162 
881375881179 
881375881186 
881375881193 
881375881209 
881375881216 
881375881223 
881375881230 
881375881247 
881375881254 
881375881261 
881375881278 
881375881285 
881375881292 
881375881308 
881375881315 
881375881322 
881375881339 
881375881346 
881375881353 
881375881360 
881375881377 
881375881384 
881375881391 
881375881407 
881375881414 
881375881421 
881375881438 
881375881445 
881375881452 
881375881469 
881375881476 
881375881483 
881375881490 
881375881506 
881375881513 
881375881520 
881375881537 
881375881544 
881375881551 
881375881568 
881375881575 
881375881582 
881375881599 
881375881605 
881375881612 
881375881629 
881375881636 
881375881643 
881375881650 
881375881667 
881375881674 
881375881681 
881375881698 
881375881704 
881375881711 
881375881728 
881375881735 
881375881742 
881375881759 
881375881766 
881375881773 
881375881780 
881375881797 
881375881803 
881375881810 
881375881827 
881375881834 
881375881841 
881375881858 
881375881865 
881375881872 
881375881889 
881375881896 
881375881902 
881375881919 
881375881926 
881375881933 
881375881940 
881375881957 
881375881964 
881375881971 
881375881988 
881375881995 
881375882008 
881375882015 
881375882022 
881375882039 
881375882046 
881375882053 
881375882060 
881375882077 
881375882084 
881375882091 
881375882107 
881375882114 
881375882121 
881375882138 
881375882145 
881375882152 
881375882169 
881375882176 
881375882183 
881375882190 
881375882206 
881375882213 
881375882220 
881375882237 
881375882244 
881375882251 
881375882268 
881375882275 
881375882282 
881375882299 
881375882305 
881375882312 
881375882329 
881375882336 
881375882343 
881375882350 
881375882367 
881375882374 
881375882381 
881375882398 
881375882404 
881375882411 
881375882428 
881375882435 
881375882442 
881375882459 
881375882466 
881375882473 
881375882480 
881375882497 
881375882503 
881375882510 
881375882527 
881375882534 
881375882541 
881375882558 
881375882565 
881375882572 
881375882589 
881375882596 
881375882602 
881375882619 
881375882626 
881375882633 
881375882640 
881375882657 
881375882664 
881375882671 
881375882688 
881375882695 
881375882701 
881375882718 
881375882725 
881375882732 
881375882749 
881375882756 
881375882763 
881375882770 
881375882787 
881375882794 
881375882800 
881375882817 
881375882824 
881375882831 
881375882848 
881375882855 
881375882862 
881375882879 
881375882886 
881375882893 
881375882909 
881375882916 
881375882923 
881375882930 
881375882947 
881375882954 
881375882961 
881375882978 
881375882985 
881375882992 
881375883005 
881375883012 
881375883029 
881375883036 
881375883043 
881375883050 
881375883067 
881375883074 
881375883081 
881375883098 
881375883104 
881375883111 
881375883128 
881375883135 
881375883142 
881375883159 
881375883166 
881375883173 
881375883180 
881375883197 
881375883203 
881375883210 
881375883227 
881375883234 
881375883241 
881375883258 
881375883265 
881375883272 
881375883289 
881375883296 
881375883302 
881375883319 
881375883326 
881375883333 
881375883340 
881375883357 
881375883364 
881375883371 
881375883388 
881375883395 
881375883401 
881375883418 
881375883425 
881375883432 
881375883449 
881375883456 
881375883463 
881375883470 
881375883487 
881375883494 
881375883500 
881375883517 
881375883524 
881375883531 
881375883548 
881375883555 
881375883562 
881375883579 
881375883586 
881375883593 
881375883609 
881375883616 
881375883623 
881375883630 
881375883647 
881375883654 
881375883661 
881375883678 
881375883685 
881375883692 
881375883708 
881375883715 
881375883722 
881375883739 
881375883746 
881375883753 
881375883760 
881375883777 
881375883784 
881375883791 
881375883807 
881375883814 
881375883821 
881375883838 
881375883845 
881375883852 
881375883869 
881375883876 
881375883883 
881375883890 
881375883906 
881375883913 
881375883920 
881375883937 
881375883944 
881375883951 
881375883968 
881375883975 
881375883982 
881375883999 
881375884002 
881375884019 
881375884026 
881375884033 
881375884040 
881375884057 
881375884064 
881375884071 
881375884088 
881375884095 
881375884101 
881375884118 
881375884125 
881375884132 
881375884149 
881375884156 
881375884163 
881375884170 
881375884187 
881375884194 
881375884200 
881375884217 
881375884224 
881375884231 
881375884248 
881375884255 
881375884262 
881375884279 
881375884286 
881375884293 
881375884309 
881375884316 
881375884323 
881375884330 
881375884347 
881375884354 
881375884361 
881375884378 
881375884385 
881375884392 
881375884408 
881375884415 
881375884422 
881375884439 
881375884446 
881375884453 
881375884460 
881375884477 
881375884484 
881375884491 
881375884507 
881375884514 
881375884521 
881375884538 
881375884545 
881375884552 
881375884569 
881375884576 
881375884583 
881375884590 
881375884606 
881375884613 
881375884620 
881375884637 
881375884644 
881375884651 
881375884668 
881375884675 
881375884682 
881375884699 
881375884705 
881375884712 
881375884729 
881375884736 
881375884743 
881375884750 
881375884767 
881375884774 
881375884781 
881375884798 
881375884804 
881375884811 
881375884828 
881375884835 
881375884842 
881375884859 
881375884866 
881375884873 
881375884880 
881375884897 
881375884903 
881375884910 
881375884927 
881375884934 
881375884941 
881375884958 
881375884965 
881375884972 
881375884989 
881375884996 
881375885009 
881375885016 
881375885023 
881375885030 
881375885047 
881375885054 
881375885061 
881375885078 
881375885085 
881375885092 
881375885108 
881375885115 
881375885122 
881375885139 
881375885146 
881375885153 
881375885160 
881375885177 
881375885184 
881375885191 
881375885207 
881375885214 
881375885221 
881375885238 
881375885245 
881375885252 
881375885269 
881375885276 
881375885283 
881375885290 
881375885306 
881375885313 
881375885320 
881375885337 
881375885344 
881375885351 
881375885368 
881375885375 
881375885382 
881375885399 
881375885405 
881375885412 
881375885429 
881375885436 
881375885443 
881375885450 
881375885467 
881375885474 
881375885481 
881375885498 
881375885504 
881375885511 
881375885528 
881375885535 
881375885542 
881375885559 
881375885566 
881375885573 
881375885580 
881375885597 
881375885603 
881375885610 
881375885627 
881375885634 
881375885641 
881375885658 
881375885665 
881375885672 
881375885689 
881375885696 
881375885702 
881375885719 
881375885726 
881375885733 
881375885740 
881375885757 
881375885764 
881375885771 
881375885788 
881375885795 
881375885801 
881375885818 
881375885825 
881375885832 
881375885849 
881375885856 
881375885863 
881375885870 
881375885887 
881375885894 
881375885900 
881375885917 
881375885924 
881375885931 
881375885948 
881375885955 
881375885962 
881375885979 
881375885986 
881375885993 
881375886006 
881375886013 
881375886020 
881375886037 
881375886044 
881375886051 
881375886068 
881375886075 
881375886082 
881375886099 
881375886105 
881375886112 
881375886129 
881375886136 
881375886143 
881375886150 
881375886167 
881375886174 
881375886181 
881375886198 
881375886204 
881375886211 
881375886228 
881375886235 
881375886242 
881375886259 
881375886266 
881375886273 
881375886280 
881375886297 
881375886303 
881375886310 
881375886327 
881375886334 
881375886341 
881375886358 
881375886365 
881375886372 
881375886389 
881375886396 
881375886402 
881375886419 
881375886426 
881375886433 
881375886440 
881375886457 
881375886464 
881375886471 
881375886488 
881375886495 
881375886501 
881375886518 
881375886525 
881375886532 
881375886549 
881375886556 
881375886563 
881375886570 
881375886587 
881375886594 
881375886600 
881375886617 
881375886624 
881375886631 
881375886648 
881375886655 
881375886662 
881375886679 
881375886686 
881375886693 
881375886709 
881375886716 
881375886723 
881375886730 
881375886747 
881375886754 
881375886761 
881375886778 
881375886785 
881375886792 
881375886808 
881375886815 
881375886822 
881375886839 
881375886846 
881375886853 
881375886860 
881375886877 
881375886884 
881375886891 
881375886907 
881375886914 
881375886921 
881375886938 
881375886945 
881375886952 
881375886969 
881375886976 
881375886983 
881375886990 
881375887003 
881375887010 
881375887027 
881375887034 
881375887041 
881375887058 
881375887065 
881375887072 
881375887089 
881375887096 
881375887102 
881375887119 
881375887126 
881375887133 
881375887140 
881375887157 
881375887164 
881375887171 
881375887188 
881375887195 
881375887201 
881375887218 
881375887225 
881375887232 
881375887249 
881375887256 
881375887263 
881375887270 
881375887287 
881375887294 
881375887300 
881375887317 
881375887324 
881375887331 
881375887348 
881375887355 
881375887362 
881375887379 
881375887386 
881375887393 
881375887409 
881375887416 
881375887423 
881375887430 
881375887447 
881375887454 
881375887461 
881375887478 
881375887485 
881375887492 
881375887508 
881375887515 
881375887522 
881375887539 
881375887546 
881375887553 
881375887560 
881375887577 
881375887584 
881375887591 
881375887607 
881375887614 
881375887621 
881375887638 
881375887645 
881375887652 
881375887669 
881375887676 
881375887683 
881375887690 
881375887706 
881375887713 
881375887720 
881375887737 
881375887744 
881375887751 
881375887768 
881375887775 
881375887782 
881375887799 
881375887805 
881375887812 
881375887829 
881375887836 
881375887843 
881375887850 
881375887867 
881375887874 
881375887881 
881375887898 
881375887904 
881375887911 
881375887928 
881375887935 
881375887942 
881375887959 
881375887966 
881375887973 
881375887980 
881375887997 
881375888000 
881375888017 
881375888024 
881375888031 
881375888048 
881375888055 
881375888062 
881375888079 
881375888086 
881375888093 
881375888109 
881375888116 
881375888123 
881375888130 
881375888147 
881375888154 
881375888161 
881375888178 
881375888185 
881375888192 
881375888208 
881375888215 
881375888222 
881375888239 
881375888246 
881375888253 
881375888260 
881375888277 
881375888284 
881375888291 
881375888307 
881375888314 
881375888321 
881375888338 
881375888345 
881375888352 
881375888369 
881375888376 
881375888383 
881375888390 
881375888406 
881375888413 
881375888420 
881375888437 
881375888444 
881375888451 
881375888468 
881375888475 
881375888482 
881375888499 
881375888505 
881375888512 
881375888529 
881375888536 
881375888543 
881375888550 
881375888567 
881375888574 
881375888581 
881375888598 
881375888604 
881375888611 
881375888628 
881375888635 
881375888642 
881375888659 
881375888666 
881375888673 
881375888680 
881375888697 
881375888703 
881375888710 
881375888727 
881375888734 
881375888741 
881375888758 
881375888765 
881375888772 
881375888789 
881375888796 
881375888802 
881375888819 
881375888826 
881375888833 
881375888840 
881375888857 
881375888864 
881375888871 
881375888888 
881375888895 
881375888901 
881375888918 
881375888925 
881375888932 
881375888949 
881375888956 
881375888963 
881375888970 
881375888987 
881375888994 
881375889007 
881375889014 
881375889021 
881375889038 
881375889045 
881375889052 
881375889069 
881375889076 
881375889083 
881375889090 
881375889106 
881375889113 
881375889120 
881375889137 
881375889144 
881375889151 
881375889168 
881375889175 
881375889182 
881375889199 
881375889205 
881375889212 
881375889229 
881375889236 
881375889243 
881375889250 
881375889267 
881375889274 
881375889281 
881375889298 
881375889304 
881375889311 
881375889328 
881375889335 
881375889342 
881375889359 
881375889366 
881375889373 
881375889380 
881375889397 
881375889403 
881375889410 
881375889427 
881375889434 
881375889441 
881375889458 
881375889465 
881375889472 
881375889489 
881375889496 
881375889502 
881375889519 
881375889526 
881375889533 
881375889540 
881375889557 
881375889564 
881375889571 
881375889588 
881375889595 
881375889601 
881375889618 
881375889625 
881375889632 
881375889649 
881375889656 
881375889663 
881375889670 
881375889687 
881375889694 
881375889700 
881375889717 
881375889724 
881375889731 
881375889748 
881375889755 
881375889762 
881375889779 
881375889786 
881375889793 
881375889809 
881375889816 
881375889823 
881375889830 
881375889847 
881375889854 
881375889861 
881375889878 
881375889885 
881375889892 
881375889908 
881375889915 
881375889922 
881375889939 
881375889946 
881375889953 
881375889960 
881375889977 
881375889984 
881375889991 
881375890003 
881375890010 
881375890027 
881375890034 
881375890041 
881375890058 
881375890065 
881375890072 
881375890089 
881375890096 
881375890102 
881375890119 
881375890126 
881375890133 
881375890140 
881375890157 
881375890164 
881375890171 
881375890188 
881375890195 
881375890201 
881375890218 
881375890225 
881375890232 
881375890249 
881375890256 
881375890263 
881375890270 
881375890287 
881375890294 
881375890300 
881375890317 
881375890324 
881375890331 
881375890348 
881375890355 
881375890362 
881375890379 
881375890386 
881375890393 
881375890409 
881375890416 
881375890423 
881375890430 
881375890447 
881375890454 
881375890461 
881375890478 
881375890485 
881375890492 
881375890508 
881375890515 
881375890522 
881375890539 
881375890546 
881375890553 
881375890560 
881375890577 
881375890584 
881375890591 
881375890607 
881375890614 
881375890621 
881375890638 
881375890645 
881375890652 
881375890669 
881375890676 
881375890683 
881375890690 
881375890706 
881375890713 
881375890720 
881375890737 
881375890744 
881375890751 
881375890768 
881375890775 
881375890782 
881375890799 
881375890805 
881375890812 
881375890829 
881375890836 
881375890843 
881375890850 
881375890867 
881375890874 
881375890881 
881375890898 
881375890904 
881375890911 
881375890928 
881375890935 
881375890942 
881375890959 
881375890966 
881375890973 
881375890980 
881375890997 
881375891000 
881375891017 
881375891024 
881375891031 
881375891048 
881375891055 
881375891062 
881375891079 
881375891086 
881375891093 
881375891109 
881375891116 
881375891123 
881375891130 
881375891147 
881375891154 
881375891161 
881375891178 
881375891185 
881375891192 
881375891208 
881375891215 
881375891222 
881375891239 
881375891246 
881375891253 
881375891260 
881375891277 
881375891284 
881375891291 
881375891307 
881375891314 
881375891321 
881375891338 
881375891345 
881375891352 
881375891369 
881375891376 
881375891383 
881375891390 
881375891406 
881375891413 
881375891420 
881375891437 
881375891444 
881375891451 
881375891468 
881375891475 
881375891482 
881375891499 
881375891505 
881375891512 
881375891529 
881375891536 
881375891543 
881375891550 
881375891567 
881375891574 
881375891581 
881375891598 
881375891604 
881375891611 
881375891628 
881375891635 
881375891642 
881375891659 
881375891666 
881375891673 
881375891680 
881375891697 
881375891703 
881375891710 
881375891727 
881375891734 
881375891741 
881375891758 
881375891765 
881375891772 
881375891789 
881375891796 
881375891802 
881375891819 
881375891826 
881375891833 
881375891840 
881375891857 
881375891864 
881375891871 
881375891888 
881375891895 
881375891901 
881375891918 
881375891925 
881375891932 
881375891949 
881375891956 
881375891963 
881375891970 
881375891987 
881375891994 
881375892007 
881375892014 
881375892021 
881375892038 
881375892045 
881375892052 
881375892069 
881375892076 
881375892083 
881375892090 
881375892106 
881375892113 
881375892120 
881375892137 
881375892144 
881375892151 
881375892168 
881375892175 
881375892182 
881375892199 
881375892205 
881375892212 
881375892229 
881375892236 
881375892243 
881375892250 
881375892267 
881375892274 
881375892281 
881375892298 
881375892304 
881375892311 
881375892328 
881375892335 
881375892342 
881375892359 
881375892366 
881375892373 
881375892380 
881375892397 
881375892403 
881375892410 
881375892427 
881375892434 
881375892441 
881375892458 
881375892465 
881375892472 
881375892489 
881375892496 
881375892502 
881375892519 
881375892526 
881375892533 
881375892540 
881375892557 
881375892564 
881375892571 
881375892588 
881375892595 
881375892601 
881375892618 
881375892625 
881375892632 
881375892649 
881375892656 
881375892663 
881375892670 
881375892687 
881375892694 
881375892700 
881375892717 
881375892724 
881375892731 
881375892748 
881375892755 
881375892762 
881375892779 
881375892786 
881375892793 
881375892809 
881375892816 
881375892823 
881375892830 
881375892847 
881375892854 
881375892861 
881375892878 
881375892885 
881375892892 
881375892908 
881375892915 
881375892922 
881375892939 
881375892946 
881375892953 
881375892960 
881375892977 
881375892984 
881375892991 
881375893004 
881375893011 
881375893028 
881375893035 
881375893042 
881375893059 
881375893066 
881375893073 
881375893080 
881375893097 
881375893103 
881375893110 
881375893127 
881375893134 
881375893141 
881375893158 
881375893165 
881375893172 
881375893189 
881375893196 
881375893202 
881375893219 
881375893226 
881375893233 
881375893240 
881375893257 
881375893264 
881375893271 
881375893288 
881375893295 
881375893301 
881375893318 
881375893325 
881375893332 
881375893349 
881375893356 
881375893363 
881375893370 
881375893387 
881375893394 
881375893400 
881375893417 
881375893424 
881375893431 
881375893448 
881375893455 
881375893462 
881375893479 
881375893486 
881375893493 
881375893509 
881375893516 
881375893523 
881375893530 
881375893547 
881375893554 
881375893561 
881375893578 
881375893585 
881375893592 
881375893608 
881375893615 
881375893622 
881375893639 
881375893646 
881375893653 
881375893660 
881375893677 
881375893684 
881375893691 
881375893707 
881375893714 
881375893721 
881375893738 
881375893745 
881375893752 
881375893769 
881375893776 
881375893783 
881375893790 
881375893806 
881375893813 
881375893820 
881375893837 
881375893844 
881375893851 
881375893868 
881375893875 
881375893882 
881375893899 
881375893905 
881375893912 
881375893929 
881375893936 
881375893943 
881375893950 
881375893967 
881375893974 
881375893981 
881375893998 
881375894001 
881375894018 
881375894025 
881375894032 
881375894049 
881375894056 
881375894063 
881375894070 
881375894087 
881375894094 
881375894100 
881375894117 
881375894124 
881375894131 
881375894148 
881375894155 
881375894162 
881375894179 
881375894186 
881375894193 
881375894209 
881375894216 
881375894223 
881375894230 
881375894247 
881375894254 
881375894261 
881375894278 
881375894285 
881375894292 
881375894308 
881375894315 
881375894322 
881375894339 
881375894346 
881375894353 
881375894360 
881375894377 
881375894384 
881375894391 
881375894407 
881375894414 
881375894421 
881375894438 
881375894445 
881375894452 
881375894469 
881375894476 
881375894483 
881375894490 
881375894506 
881375894513 
881375894520 
881375894537 
881375894544 
881375894551 
881375894568 
881375894575 
881375894582 
881375894599 
881375894605 
881375894612 
881375894629 
881375894636 
881375894643 
881375894650 
881375894667 
881375894674 
881375894681 
881375894698 
881375894704 
881375894711 
881375894728 
881375894735 
881375894742 
881375894759 
881375894766 
881375894773 
881375894780 
881375894797 
881375894803 
881375894810 
881375894827 
881375894834 
881375894841 
881375894858 
881375894865 
881375894872 
881375894889 
881375894896 
881375894902 
881375894919 
881375894926 
881375894933 
881375894940 
881375894957 
881375894964 
881375894971 
881375894988 
881375894995 
881375895008 
881375895015 
881375895022 
881375895039 
881375895046 
881375895053 
881375895060 
881375895077 
881375895084 
881375895091 
881375895107 
881375895114 
881375895121 
881375895138 
881375895145 
881375895152 
881375895169 
881375895176 
881375895183 
881375895190 
881375895206 
881375895213 
881375895220 
881375895237 
881375895244 
881375895251 
881375895268 
881375895275 
881375895282 
881375895299 
881375895305 
881375895312 
881375895329 
881375895336 
881375895343 
881375895350 
881375895367 
881375895374 
881375895381 
881375895398 
881375895404 
881375895411 
881375895428 
881375895435 
881375895442 
881375895459 
881375895466 
881375895473 
881375895480 
881375895497 
881375895503 
881375895510 
881375895527 
881375895534 
881375895541 
881375895558 
881375895565 
881375895572 
881375895589 
881375895596 
881375895602 
881375895619 
881375895626 
881375895633 
881375895640 
881375895657 
881375895664 
881375895671 
881375895688 
881375895695 
881375895701 
881375895718 
881375895725 
881375895732 
881375895749 
881375895756 
881375895763 
881375895770 
881375895787 
881375895794 
881375895800 
881375895817 
881375895824 
881375895831 
881375895848 
881375895855 
881375895862 
881375895879 
881375895886 
881375895893 
881375895909 
881375895916 
881375895923 
881375895930 
881375895947 
881375895954 
881375895961 
881375895978 
881375895985 
881375895992 
881375896005 
881375896012 
881375896029 
881375896036 
881375896043 
881375896050 
881375896067 
881375896074 
881375896081 
881375896098 
881375896104 
881375896111 
881375896128 
881375896135 
881375896142 
881375896159 
881375896166 
881375896173 
881375896180 
881375896197 
881375896203 
881375896210 
881375896227 
881375896234 
881375896241 
881375896258 
881375896265 
881375896272 
881375896289 
881375896296 
881375896302 
881375896319 
881375896326 
881375896333 
881375896340 
881375896357 
881375896364 
881375896371 
881375896388 
881375896395 
881375896401 
881375896418 
881375896425 
881375896432 
881375896449 
881375896456 
881375896463 
881375896470 
881375896487 
881375896494 
881375896500 
881375896517 
881375896524 
881375896531 
881375896548 
881375896555 
881375896562 
881375896579 
881375896586 
881375896593 
881375896609 
881375896616 
881375896623 
881375896630 
881375896647 
881375896654 
881375896661 
881375896678 
881375896685 
881375896692 
881375896708 
881375896715 
881375896722 
881375896739 
881375896746 
881375896753 
881375896760 
881375896777 
881375896784 
881375896791 
881375896807 
881375896814 
881375896821 
881375896838 
881375896845 
881375896852 
881375896869 
881375896876 
881375896883 
881375896890 
881375896906 
881375896913 
881375896920 
881375896937 
881375896944 
881375896951 
881375896968 
881375896975 
881375896982 
881375896999 
881375897002 
881375897019 
881375897026 
881375897033 
881375897040 
881375897057 
881375897064 
881375897071 
881375897088 
881375897095 
881375897101 
881375897118 
881375897125 
881375897132 
881375897149 
881375897156 
881375897163 
881375897170 
881375897187 
881375897194 
881375897200 
881375897217 
881375897224 
881375897231 
881375897248 
881375897255 
881375897262 
881375897279 
881375897286 
881375897293 
881375897309 
881375897316 
881375897323 
881375897330 
881375897347 
881375897354 
881375897361 
881375897378 
881375897385 
881375897392 
881375897408 
881375897415 
881375897422 
881375897439 
881375897446 
881375897453 
881375897460 
881375897477 
881375897484 
881375897491 
881375897507 
881375897514 
881375897521 
881375897538 
881375897545 
881375897552 
881375897569 
881375897576 
881375897583 
881375897590 
881375897606 
881375897613 
881375897620 
881375897637 
881375897644 
881375897651 
881375897668 
881375897675 
881375897682 
881375897699 
881375897705 
881375897712 
881375897729 
881375897736 
881375897743 
881375897750 
881375897767 
881375897774 
881375897781 
881375897798 
881375897804 
881375897811 
881375897828 
881375897835 
881375897842 
881375897859 
881375897866 
881375897873 
881375897880 
881375897897 
881375897903 
881375897910 
881375897927 
881375897934 
881375897941 
881375897958 
881375897965 
881375897972 
881375897989 
881375897996 
881375898009 
881375898016 
881375898023 
881375898030 
881375898047 
881375898054 
881375898061 
881375898078 
881375898085 
881375898092 
881375898108 
881375898115 
881375898122 
881375898139 
881375898146 
881375898153 
881375898160 
881375898177 
881375898184 
881375898191 
881375898207 
881375898214 
881375898221 
881375898238 
881375898245 
881375898252 
881375898269 
881375898276 
881375898283 
881375898290 
881375898306 
881375898313 
881375898320 
881375898337 
881375898344 
881375898351 
881375898368 
881375898375 
881375898382 
881375898399 
881375898405 
881375898412 
881375898429 
881375898436 
881375898443 
881375898450 
881375898467 
881375898474 
881375898481 
881375898498 
881375898504 
881375898511 
881375898528 
881375898535 
881375898542 
881375898559 
881375898566 
881375898573 
881375898580 
881375898597 
881375898603 
881375898610 
881375898627 
881375898634 
881375898641 
881375898658 
881375898665 
881375898672 
881375898689 
881375898696 
881375898702 
881375898719 
881375898726 
881375898733 
881375898740 
881375898757 
881375898764 
881375898771 
881375898788 
881375898795 
881375898801 
881375898818 
881375898825 
881375898832 
881375898849 
881375898856 
881375898863 
881375898870 
881375898887 
881375898894 
881375898900 
881375898917 
881375898924 
881375898931 
881375898948 
881375898955 
881375898962 
881375898979 
881375898986 
881375898993 
881375899006 
881375899013 
881375899020 
881375899037 
881375899044 
881375899051 
881375899068 
881375899075 
881375899082 
881375899099 
881375899105 
881375899112 
881375899129 
881375899136 
881375899143 
881375899150 
881375899167 
881375899174 
881375899181 
881375899198 
881375899204 
881375899211 
881375899228 
881375899235 
881375899242 
881375899259 
881375899266 
881375899273 
881375899280 
881375899297 
881375899303 
881375899310 
881375899327 
881375899334 
881375899341 
881375899358 
881375899365 
881375899372 
881375899389 
881375899396 
881375899402 
881375899419 
881375899426 
881375899433 
881375899440 
881375899457 
881375899464 
881375899471 
881375899488 
881375899495 
881375899501 
881375899518 
881375899525 
881375899532 
881375899549 
881375899556 
881375899563 
881375899570 
881375899587 
881375899594 
881375899600 
881375899617 
881375899624 
881375899631 
881375899648 
881375899655 
881375899662 
881375899679 
881375899686 
881375899693 
881375899709 
881375899716 
881375899723 
881375899730 
881375899747 
881375899754 
881375899761 
881375899778 
881375899785 
881375899792 
881375899808 
881375899815 
881375899822 
881375899839 
881375899846 
881375899853 
881375899860 
881375899877 
881375899884 
881375899891 
881375899907 
881375899914 
881375899921 
881375899938 
881375899945 
881375899952 
881375899969 
881375899976 
881375899983 
881375899990 
881375900009 
881375900016 
881375900023 
881375900030 
881375900047 
881375900054 
881375900061 
881375900078 
881375900085 
881375900092 
881375900108 
881375900115 
881375900122 
881375900139 
881375900146 
881375900153 
881375900160 
881375900177 
881375900184 
881375900191 
881375900207 
881375900214 
881375900221 
881375900238 
881375900245 
881375900252 
881375900269 
881375900276 
881375900283 
881375900290 
881375900306 
881375900313 
881375900320 
881375900337 
881375900344 
881375900351 
881375900368 
881375900375 
881375900382 
881375900399 
881375900405 
881375900412 
881375900429 
881375900436 
881375900443 
881375900450 
881375900467 
881375900474 
881375900481 
881375900498 
881375900504 
881375900511 
881375900528 
881375900535 
881375900542 
881375900559 
881375900566 
881375900573 
881375900580 
881375900597 
881375900603 
881375900610 
881375900627 
881375900634 
881375900641 
881375900658 
881375900665 
881375900672 
881375900689 
881375900696 
881375900702 
881375900719 
881375900726 
881375900733 
881375900740 
881375900757 
881375900764 
881375900771 
881375900788 
881375900795 
881375900801 
881375900818 
881375900825 
881375900832 
881375900849 
881375900856 
881375900863 
881375900870 
881375900887 
881375900894 
881375900900 
881375900917 
881375900924 
881375900931 
881375900948 
881375900955 
881375900962 
881375900979 
881375900986 
881375900993 
881375901006 
881375901013 
881375901020 
881375901037 
881375901044 
881375901051 
881375901068 
881375901075 
881375901082 
881375901099 
881375901105 
881375901112 
881375901129 
881375901136 
881375901143 
881375901150 
881375901167 
881375901174 
881375901181 
881375901198 
881375901204 
881375901211 
881375901228 
881375901235 
881375901242 
881375901259 
881375901266 
881375901273 
881375901280 
881375901297 
881375901303 
881375901310 
881375901327 
881375901334 
881375901341 
881375901358 
881375901365 
881375901372 
881375901389 
881375901396 
881375901402 
881375901419 
881375901426 
881375901433 
881375901440 
881375901457 
881375901464 
881375901471 
881375901488 
881375901495 
881375901501 
881375901518 
881375901525 
881375901532 
881375901549 
881375901556 
881375901563 
881375901570 
881375901587 
881375901594 
881375901600 
881375901617 
881375901624 
881375901631 
881375901648 
881375901655 
881375901662 
881375901679 
881375901686 
881375901693 
881375901709 
881375901716 
881375901723 
881375901730 
881375901747 
881375901754 
881375901761 
881375901778 
881375901785 
881375901792 
881375901808 
881375901815 
881375901822 
881375901839 
881375901846 
881375901853 
881375901860 
881375901877 
881375901884 
881375901891 
881375901907 
881375901914 
881375901921 
881375901938 
881375901945 
881375901952 
881375901969 
881375901976 
881375901983 
881375901990 
881375902003 
881375902010 
881375902027 
881375902034 
881375902041 
881375902058 
881375902065 
881375902072 
881375902089 
881375902096 
881375902102 
881375902119 
881375902126 
881375902133 
881375902140 
881375902157 
881375902164 
881375902171 
881375902188 
881375902195 
881375902201 
881375902218 
881375902225 
881375902232 
881375902249 
881375902256 
881375902263 
881375902270 
881375902287 
881375902294 
881375902300 
881375902317 
881375902324 
881375902331 
881375902348 
881375902355 
881375902362 
881375902379 
881375902386 
881375902393 
881375902409 
881375902416 
881375902423 
881375902430 
881375902447 
881375902454 
881375902461 
881375902478 
881375902485 
881375902492 
881375902508 
881375902515 
881375902522 
881375902539 
881375902546 
881375902553 
881375902560 
881375902577 
881375902584 
881375902591 
881375902607 
881375902614 
881375902621 
881375902638 
881375902645 
881375902652 
881375902669 
881375902676 
881375902683 
881375902690 
881375902706 
881375902713 
881375902720 
881375902737 
881375902744 
881375902751 
881375902768 
881375902775 
881375902782 
881375902799 
881375902805 
881375902812 
881375902829 
881375902836 
881375902843 
881375902850 
881375902867 
881375902874 
881375902881 
881375902898 
881375902904 
881375902911 
881375902928 
881375902935 
881375902942 
881375902959 
881375902966 
881375902973 
881375902980 
881375902997 
881375903000 
881375903017 
881375903024 
881375903031 
881375903048 
881375903055 
881375903062 
881375903079 
881375903086 
881375903093 
881375903109 
881375903116 
881375903123 
881375903130 
881375903147 
881375903154 
881375903161 
881375903178 
881375903185 
881375903192 
881375903208 
881375903215 
881375903222 
881375903239 
881375903246 
881375903253 
881375903260 
881375903277 
881375903284 
881375903291 
881375903307 
881375903314 
881375903321 
881375903338 
881375903345 
881375903352 
881375903369 
881375903376 
881375903383 
881375903390 
881375903406 
881375903413 
881375903420 
881375903437 
881375903444 
881375903451 
881375903468 
881375903475 
881375903482 
881375903499 
881375903505 
881375903512 
881375903529 
881375903536 
881375903543 
881375903550 
881375903567 
881375903574 
881375903581 
881375903598 
881375903604 
881375903611 
881375903628 
881375903635 
881375903642 
881375903659 
881375903666 
881375903673 
881375903680 
881375903697 
881375903703 
881375903710 
881375903727 
881375903734 
881375903741 
881375903758 
881375903765 
881375903772 
881375903789 
881375903796 
881375903802 
881375903819 
881375903826 
881375903833 
881375903840 
881375903857 
881375903864 
881375903871 
881375903888 
881375903895 
881375903901 
881375903918 
881375903925 
881375903932 
881375903949 
881375903956 
881375903963 
881375903970 
881375903987 
881375903994 
881375904007 
881375904014 
881375904021 
881375904038 
881375904045 
881375904052 
881375904069 
881375904076 
881375904083 
881375904090 
881375904106 
881375904113 
881375904120 
881375904137 
881375904144 
881375904151 
881375904168 
881375904175 
881375904182 
881375904199 
881375904205 
881375904212 
881375904229 
881375904236 
881375904243 
881375904250 
881375904267 
881375904274 
881375904281 
881375904298 
881375904304 
881375904311 
881375904328 
881375904335 
881375904342 
881375904359 
881375904366 
881375904373 
881375904380 
881375904397 
881375904403 
881375904410 
881375904427 
881375904434 
881375904441 
881375904458 
881375904465 
881375904472 
881375904489 
881375904496 
881375904502 
881375904519 
881375904526 
881375904533 
881375904540 
881375904557 
881375904564 
881375904571 
881375904588 
881375904595 
881375904601 
881375904618 
881375904625 
881375904632 
881375904649 
881375904656 
881375904663 
881375904670 
881375904687 
881375904694 
881375904700 
881375904717 
881375904724 
881375904731 
881375904748 
881375904755 
881375904762 
881375904779 
881375904786 
881375904793 
881375904809 
881375904816 
881375904823 
881375904830 
881375904847 
881375904854 
881375904861 
881375904878 
881375904885 
881375904892 
881375904908 
881375904915 
881375904922 
881375904939 
881375904946 
881375904953 
881375904960 
881375904977 
881375904984 
881375904991 
881375905004 
881375905011 
881375905028 
881375905035 
881375905042 
881375905059 
881375905066 
881375905073 
881375905080 
881375905097 
881375905103 
881375905110 
881375905127 
881375905134 
881375905141 
881375905158 
881375905165 
881375905172 
881375905189 
881375905196 
881375905202 
881375905219 
881375905226 
881375905233 
881375905240 
881375905257 
881375905264 
881375905271 
881375905288 
881375905295 
881375905301 
881375905318 
881375905325 
881375905332 
881375905349 
881375905356 
881375905363 
881375905370 
881375905387 
881375905394 
881375905400 
881375905417 
881375905424 
881375905431 
881375905448 
881375905455 
881375905462 
881375905479 
881375905486 
881375905493 
881375905509 
881375905516 
881375905523 
881375905530 
881375905547 
881375905554 
881375905561 
881375905578 
881375905585 
881375905592 
881375905608 
881375905615 
881375905622 
881375905639 
881375905646 
881375905653 
881375905660 
881375905677 
881375905684 
881375905691 
881375905707 
881375905714 
881375905721 
881375905738 
881375905745 
881375905752 
881375905769 
881375905776 
881375905783 
881375905790 
881375905806 
881375905813 
881375905820 
881375905837 
881375905844 
881375905851 
881375905868 
881375905875 
881375905882 
881375905899 
881375905905 
881375905912 
881375905929 
881375905936 
881375905943 
881375905950 
881375905967 
881375905974 
881375905981 
881375905998 
881375906001 
881375906018 
881375906025 
881375906032 
881375906049 
881375906056 
881375906063 
881375906070 
881375906087 
881375906094 
881375906100 
881375906117 
881375906124 
881375906131 
881375906148 
881375906155 
881375906162 
881375906179 
881375906186 
881375906193 
881375906209 
881375906216 
881375906223 
881375906230 
881375906247 
881375906254 
881375906261 
881375906278 
881375906285 
881375906292 
881375906308 
881375906315 
881375906322 
881375906339 
881375906346 
881375906353 
881375906360 
881375906377 
881375906384 
881375906391 
881375906407 
881375906414 
881375906421 
881375906438 
881375906445 
881375906452 
881375906469 
881375906476 
881375906483 
881375906490 
881375906506 
881375906513 
881375906520 
881375906537 
881375906544 
881375906551 
881375906568 
881375906575 
881375906582 
881375906599 
881375906605 
881375906612 
881375906629 
881375906636 
881375906643 
881375906650 
881375906667 
881375906674 
881375906681 
881375906698 
881375906704 
881375906711 
881375906728 
881375906735 
881375906742 
881375906759 
881375906766 
881375906773 
881375906780 
881375906797 
881375906803 
881375906810 
881375906827 
881375906834 
881375906841 
881375906858 
881375906865 
881375906872 
881375906889 
881375906896 
881375906902 
881375906919 
881375906926 
881375906933 
881375906940 
881375906957 
881375906964 
881375906971 
881375906988 
881375906995 
881375907008 
881375907015 
881375907022 
881375907039 
881375907046 
881375907053 
881375907060 
881375907077 
881375907084 
881375907091 
881375907107 
881375907114 
881375907121 
881375907138 
881375907145 
881375907152 
881375907169 
881375907176 
881375907183 
881375907190 
881375907206 
881375907213 
881375907220 
881375907237 
881375907244 
881375907251 
881375907268 
881375907275 
881375907282 
881375907299 
881375907305 
881375907312 
881375907329 
881375907336 
881375907343 
881375907350 
881375907367 
881375907374 
881375907381 
881375907398 
881375907404 
881375907411 
881375907428 
881375907435 
881375907442 
881375907459 
881375907466 
881375907473 
881375907480 
881375907497 
881375907503 
881375907510 
881375907527 
881375907534 
881375907541 
881375907558 
881375907565 
881375907572 
881375907589 
881375907596 
881375907602 
881375907619 
881375907626 
881375907633 
881375907640 
881375907657 
881375907664 
881375907671 
881375907688 
881375907695 
881375907701 
881375907718 
881375907725 
881375907732 
881375907749 
881375907756 
881375907763 
881375907770 
881375907787 
881375907794 
881375907800 
881375907817 
881375907824 
881375907831 
881375907848 
881375907855 
881375907862 
881375907879 
881375907886 
881375907893 
881375907909 
881375907916 
881375907923 
881375907930 
881375907947 
881375907954 
881375907961 
881375907978 
881375907985 
881375907992 
881375908005 
881375908012 
881375908029 
881375908036 
881375908043 
881375908050 
881375908067 
881375908074 
881375908081 
881375908098 
881375908104 
881375908111 
881375908128 
881375908135 
881375908142 
881375908159 
881375908166 
881375908173 
881375908180 
881375908197 
881375908203 
881375908210 
881375908227 
881375908234 
881375908241 
881375908258 
881375908265 
881375908272 
881375908289 
881375908296 
881375908302 
881375908319 
881375908326 
881375908333 
881375908340 
881375908357 
881375908364 
881375908371 
881375908388 
881375908395 
881375908401 
881375908418 
881375908425 
881375908432 
881375908449 
881375908456 
881375908463 
881375908470 
881375908487 
881375908494 
881375908500 
881375908517 
881375908524 
881375908531 
881375908548 
881375908555 
881375908562 
881375908579 
881375908586 
881375908593 
881375908609 
881375908616 
881375908623 
881375908630 
881375908647 
881375908654 
881375908661 
881375908678 
881375908685 
881375908692 
881375908708 
881375908715 
881375908722 
881375908739 
881375908746 
881375908753 
881375908760 
881375908777 
881375908784 
881375908791 
881375908807 
881375908814 
881375908821 
881375908838 
881375908845 
881375908852 
881375908869 
881375908876 
881375908883 
881375908890 
881375908906 
881375908913 
881375908920 
881375908937 
881375908944 
881375908951 
881375908968 
881375908975 
881375908982 
881375908999 
881375909002 
881375909019 
881375909026 
881375909033 
881375909040 
881375909057 
881375909064 
881375909071 
881375909088 
881375909095 
881375909101 
881375909118 
881375909125 
881375909132 
881375909149 
881375909156 
881375909163 
881375909170 
881375909187 
881375909194 
881375909200 
881375909217 
881375909224 
881375909231 
881375909248 
881375909255 
881375909262 
881375909279 
881375909286 
881375909293 
881375909309 
881375909316 
881375909323 
881375909330 
881375909347 
881375909354 
881375909361 
881375909378 
881375909385 
881375909392 
881375909408 
881375909415 
881375909422 
881375909439 
881375909446 
881375909453 
881375909460 
881375909477 
881375909484 
881375909491 
881375909507 
881375909514 
881375909521 
881375909538 
881375909545 
881375909552 
881375909569 
881375909576 
881375909583 
881375909590 
881375909606 
881375909613 
881375909620 
881375909637 
881375909644 
881375909651 
881375909668 
881375909675 
881375909682 
881375909699 
881375909705 
881375909712 
881375909729 
881375909736 
881375909743 
881375909750 
881375909767 
881375909774 
881375909781 
881375909798 
881375909804 
881375909811 
881375909828 
881375909835 
881375909842 
881375909859 
881375909866 
881375909873 
881375909880 
881375909897 
881375909903 
881375909910 
881375909927 
881375909934 
881375909941 
881375909958 
881375909965 
881375909972 
881375909989 
881375909996 
881375910008 
881375910015 
881375910022 
881375910039 
881375910046 
881375910053 
881375910060 
881375910077 
881375910084 
881375910091 
881375910107 
881375910114 
881375910121 
881375910138 
881375910145 
881375910152 
881375910169 
881375910176 
881375910183 
881375910190 
881375910206 
881375910213 
881375910220 
881375910237 
881375910244 
881375910251 
881375910268 
881375910275 
881375910282 
881375910299 
881375910305 
881375910312 
881375910329 
881375910336 
881375910343 
881375910350 
881375910367 
881375910374 
881375910381 
881375910398 
881375910404 
881375910411 
881375910428 
881375910435 
881375910442 
881375910459 
881375910466 
881375910473 
881375910480 
881375910497 
881375910503 
881375910510 
881375910527 
881375910534 
881375910541 
881375910558 
881375910565 
881375910572 
881375910589 
881375910596 
881375910602 
881375910619 
881375910626 
881375910633 
881375910640 
881375910657 
881375910664 
881375910671 
881375910688 
881375910695 
881375910701 
881375910718 
881375910725 
881375910732 
881375910749 
881375910756 
881375910763 
881375910770 
881375910787 
881375910794 
881375910800 
881375910817 
881375910824 
881375910831 
881375910848 
881375910855 
881375910862 
881375910879 
881375910886 
881375910893 
881375910909 
881375910916 
881375910923 
881375910930 
881375910947 
881375910954 
881375910961 
881375910978 
881375910985 
881375910992 
881375911005 
881375911012 
881375911029 
881375911036 
881375911043 
881375911050 
881375911067 
881375911074 
881375911081 
881375911098 
881375911104 
881375911111 
881375911128 
881375911135 
881375911142 
881375911159 
881375911166 
881375911173 
881375911180 
881375911197 
881375911203 
881375911210 
881375911227 
881375911234 
881375911241 
881375911258 
881375911265 
881375911272 
881375911289 
881375911296 
881375911302 
881375911319 
881375911326 
881375911333 
881375911340 
881375911357 
881375911364 
881375911371 
881375911388 
881375911395 
881375911401 
881375911418 
881375911425 
881375911432 
881375911449 
881375911456 
881375911463 
881375911470 
881375911487 
881375911494 
881375911500 
881375911517 
881375911524 
881375911531 
881375911548 
881375911555 
881375911562 
881375911579 
881375911586 
881375911593 
881375911609 
881375911616 
881375911623 
881375911630 
881375911647 
881375911654 
881375911661 
881375911678 
881375911685 
881375911692 
881375911708 
881375911715 
881375911722 
881375911739 
881375911746 
881375911753 
881375911760 
881375911777 
881375911784 
881375911791 
881375911807 
881375911814 
881375911821 
881375911838 
881375911845 
881375911852 
881375911869 
881375911876 
881375911883 
881375911890 
881375911906 
881375911913 
881375911920 
881375911937 
881375911944 
881375911951 
881375911968 
881375911975 
881375911982 
881375911999 
881375912002 
881375912019 
881375912026 
881375912033 
881375912040 
881375912057 
881375912064 
881375912071 
881375912088 
881375912095 
881375912101 
881375912118 
881375912125 
881375912132 
881375912149 
881375912156 
881375912163 
881375912170 
881375912187 
881375912194 
881375912200 
881375912217 
881375912224 
881375912231 
881375912248 
881375912255 
881375912262 
881375912279 
881375912286 
881375912293 
881375912309 
881375912316 
881375912323 
881375912330 
881375912347 
881375912354 
881375912361 
881375912378 
881375912385 
881375912392 
881375912408 
881375912415 
881375912422 
881375912439 
881375912446 
881375912453 
881375912460 
881375912477 
881375912484 
881375912491 
881375912507 
881375912514 
881375912521 
881375912538 
881375912545 
881375912552 
881375912569 
881375912576 
881375912583 
881375912590 
881375912606 
881375912613 
881375912620 
881375912637 
881375912644 
881375912651 
881375912668 
881375912675 
881375912682 
881375912699 
881375912705 
881375912712 
881375912729 
881375912736 
881375912743 
881375912750 
881375912767 
881375912774 
881375912781 
881375912798 
881375912804 
881375912811 
881375912828 
881375912835 
881375912842 
881375912859 
881375912866 
881375912873 
881375912880 
881375912897 
881375912903 
881375912910 
881375912927 
881375912934 
881375912941 
881375912958 
881375912965 
881375912972 
881375912989 
881375912996 
881375913009 
881375913016 
881375913023 
881375913030 
881375913047 
881375913054 
881375913061 
881375913078 
881375913085 
881375913092 
881375913108 
881375913115 
881375913122 
881375913139 
881375913146 
881375913153 
881375913160 
881375913177 
881375913184 
881375913191 
881375913207 
881375913214 
881375913221 
881375913238 
881375913245 
881375913252 
881375913269 
881375913276 
881375913283 
881375913290 
881375913306 
881375913313 
881375913320 
881375913337 
881375913344 
881375913351 
881375913368 
881375913375 
881375913382 
881375913399 
881375913405 
881375913412 
881375913429 
881375913436 
881375913443 
881375913450 
881375913467 
881375913474 
881375913481 
881375913498 
881375913504 
881375913511 
881375913528 
881375913535 
881375913542 
881375913559 
881375913566 
881375913573 
881375913580 
881375913597 
881375913603 
881375913610 
881375913627 
881375913634 
881375913641 
881375913658 
881375913665 
881375913672 
881375913689 
881375913696 
881375913702 
881375913719 
881375913726 
881375913733 
881375913740 
881375913757 
881375913764 
881375913771 
881375913788 
881375913795 
881375913801 
881375913818 
881375913825 
881375913832 
881375913849 
881375913856 
881375913863 
881375913870 
881375913887 
881375913894 
881375913900 
881375913917 
881375913924 
881375913931 
881375913948 
881375913955 
881375913962 
881375913979 
881375913986 
881375913993 
881375914006 
881375914013 
881375914020 
881375914037 
881375914044 
881375914051 
881375914068 
881375914075 
881375914082 
881375914099 
881375914105 
881375914112 
881375914129 
881375914136 
881375914143 
881375914150 
881375914167 
881375914174 
881375914181 
881375914198 
881375914204 
881375914211 
881375914228 
881375914235 
881375914242 
881375914259 
881375914266 
881375914273 
881375914280 
881375914297 
881375914303 
881375914310 
881375914327 
881375914334 
881375914341 
881375914358 
881375914365 
881375914372 
881375914389 
881375914396 
881375914402 
881375914419 
881375914426 
881375914433 
881375914440 
881375914457 
881375914464 
881375914471 
881375914488 
881375914495 
881375914501 
881375914518 
881375914525 
881375914532 
881375914549 
881375914556 
881375914563 
881375914570 
881375914587 
881375914594 
881375914600 
881375914617 
881375914624 
881375914631 
881375914648 
881375914655 
881375914662 
881375914679 
881375914686 
881375914693 
881375914709 
881375914716 
881375914723 
881375914730 
881375914747 
881375914754 
881375914761 
881375914778 
881375914785 
881375914792 
881375914808 
881375914815 
881375914822 
881375914839 
881375914846 
881375914853 
881375914860 
881375914877 
881375914884 
881375914891 
881375914907 
881375914914 
881375914921 
881375914938 
881375914945 
881375914952 
881375914969 
881375914976 
881375914983 
881375914990 
881375915003 
881375915010 
881375915027 
881375915034 
881375915041 
881375915058 
881375915065 
881375915072 
881375915089 
881375915096 
881375915102 
881375915119 
881375915126 
881375915133 
881375915140 
881375915157 
881375915164 
881375915171 
881375915188 
881375915195 
881375915201 
881375915218 
881375915225 
881375915232 
881375915249 
881375915256 
881375915263 
881375915270 
881375915287 
881375915294 
881375915300 
881375915317 
881375915324 
881375915331 
881375915348 
881375915355 
881375915362 
881375915379 
881375915386 
881375915393 
881375915409 
881375915416 
881375915423 
881375915430 
881375915447 
881375915454 
881375915461 
881375915478 
881375915485 
881375915492 
881375915508 
881375915515 
881375915522 
881375915539 
881375915546 
881375915553 
881375915560 
881375915577 
881375915584 
881375915591 
881375915607 
881375915614 
881375915621 
881375915638 
881375915645 
881375915652 
881375915669 
881375915676 
881375915683 
881375915690 
881375915706 
881375915713 
881375915720 
881375915737 
881375915744 
881375915751 
881375915768 
881375915775 
881375915782 
881375915799 
881375915805 
881375915812 
881375915829 
881375915836 
881375915843 
881375915850 
881375915867 
881375915874 
881375915881 
881375915898 
881375915904 
881375915911 
881375915928 
881375915935 
881375915942 
881375915959 
881375915966 
881375915973 
881375915980 
881375915997 
881375916000 
881375916017 
881375916024 
881375916031 
881375916048 
881375916055 
881375916062 
881375916079 
881375916086 
881375916093 
881375916109 
881375916116 
881375916123 
881375916130 
881375916147 
881375916154 
881375916161 
881375916178 
881375916185 
881375916192 
881375916208 
881375916215 
881375916222 
881375916239 
881375916246 
881375916253 
881375916260 
881375916277 
881375916284 
881375916291 
881375916307 
881375916314 
881375916321 
881375916338 
881375916345 
881375916352 
881375916369 
881375916376 
881375916383 
881375916390 
881375916406 
881375916413 
881375916420 
881375916437 
881375916444 
881375916451 
881375916468 
881375916475 
881375916482 
881375916499 
881375916505 
881375916512 
881375916529 
881375916536 
881375916543 
881375916550 
881375916567 
881375916574 
881375916581 
881375916598 
881375916604 
881375916611 
881375916628 
881375916635 
881375916642 
881375916659 
881375916666 
881375916673 
881375916680 
881375916697 
881375916703 
881375916710 
881375916727 
881375916734 
881375916741 
881375916758 
881375916765 
881375916772 
881375916789 
881375916796 
881375916802 
881375916819 
881375916826 
881375916833 
881375916840 
881375916857 
881375916864 
881375916871 
881375916888 
881375916895 
881375916901 
881375916918 
881375916925 
881375916932 
881375916949 
881375916956 
881375916963 
881375916970 
881375916987 
881375916994 
881375917007 
881375917014 
881375917021 
881375917038 
881375917045 
881375917052 
881375917069 
881375917076 
881375917083 
881375917090 
881375917106 
881375917113 
881375917120 
881375917137 
881375917144 
881375917151 
881375917168 
881375917175 
881375917182 
881375917199 
881375917205 
881375917212 
881375917229 
881375917236 
881375917243 
881375917250 
881375917267 
881375917274 
881375917281 
881375917298 
881375917304 
881375917311 
881375917328 
881375917335 
881375917342 
881375917359 
881375917366 
881375917373 
881375917380 
881375917397 
881375917403 
881375917410 
881375917427 
881375917434 
881375917441 
881375917458 
881375917465 
881375917472 
881375917489 
881375917496 
881375917502 
881375917519 
881375917526 
881375917533 
881375917540 
881375917557 
881375917564 
881375917571 
881375917588 
881375917595 
881375917601 
881375917618 
881375917625 
881375917632 
881375917649 
881375917656 
881375917663 
881375917670 
881375917687 
881375917694 
881375917700 
881375917717 
881375917724 
881375917731 
881375917748 
881375917755 
881375917762 
881375917779 
881375917786 
881375917793 
881375917809 
881375917816 
881375917823 
881375917830 
881375917847 
881375917854 
881375917861 
881375917878 
881375917885 
881375917892 
881375917908 
881375917915 
881375917922 
881375917939 
881375917946 
881375917953 
881375917960 
881375917977 
881375917984 
881375917991 
881375918004 
881375918011 
881375918028 
881375918035 
881375918042 
881375918059 
881375918066 
881375918073 
881375918080 
881375918097 
881375918103 
881375918110 
881375918127 
881375918134 
881375918141 
881375918158 
881375918165 
881375918172 
881375918189 
881375918196 
881375918202 
881375918219 
881375918226 
881375918233 
881375918240 
881375918257 
881375918264 
881375918271 
881375918288 
881375918295 
881375918301 
881375918318 
881375918325 
881375918332 
881375918349 
881375918356 
881375918363 
881375918370 
881375918387 
881375918394 
881375918400 
881375918417 
881375918424 
881375918431 
881375918448 
881375918455 
881375918462 
881375918479 
881375918486 
881375918493 
881375918509 
881375918516 
881375918523 
881375918530 
881375918547 
881375918554 
881375918561 
881375918578 
881375918585 
881375918592 
881375918608 
881375918615 
881375918622 
881375918639 
881375918646 
881375918653 
881375918660 
881375918677 
881375918684 
881375918691 
881375918707 
881375918714 
881375918721 
881375918738 
881375918745 
881375918752 
881375918769 
881375918776 
881375918783 
881375918790 
881375918806 
881375918813 
881375918820 
881375918837 
881375918844 
881375918851 
881375918868 
881375918875 
881375918882 
881375918899 
881375918905 
881375918912 
881375918929 
881375918936 
881375918943 
881375918950 
881375918967 
881375918974 
881375918981 
881375918998 
881375919001 
881375919018 
881375919025 
881375919032 
881375919049 
881375919056 
881375919063 
881375919070 
881375919087 
881375919094 
881375919100 
881375919117 
881375919124 
881375919131 
881375919148 
881375919155 
881375919162 
881375919179 
881375919186 
881375919193 
881375919209 
881375919216 
881375919223 
881375919230 
881375919247 
881375919254 
881375919261 
881375919278 
881375919285 
881375919292 
881375919308 
881375919315 
881375919322 
881375919339 
881375919346 
881375919353 
881375919360 
881375919377 
881375919384 
881375919391 
881375919407 
881375919414 
881375919421 
881375919438 
881375919445 
881375919452 
881375919469 
881375919476 
881375919483 
881375919490 
881375919506 
881375919513 
881375919520 
881375919537 
881375919544 
881375919551 
881375919568 
881375919575 
881375919582 
881375919599 
881375919605 
881375919612 
881375919629 
881375919636 
881375919643 
881375919650 
881375919667 
881375919674 
881375919681 
881375919698 
881375919704 
881375919711 
881375919728 
881375919735 
881375919742 
881375919759 
881375919766 
881375919773 
881375919780 
881375919797 
881375919803 
881375919810 
881375919827 
881375919834 
881375919841 
881375919858 
881375919865 
881375919872 
881375919889 
881375919896 
881375919902 
881375919919 
881375919926 
881375919933 
881375919940 
881375919957 
881375919964 
881375919971 
881375919988 
881375919995 
881375920007 
881375920014 
881375920021 
881375920038 
881375920045 
881375920052 
881375920069 
881375920076 
881375920083 
881375920090 
881375920106 
881375920113 
881375920120 
881375920137 
881375920144 
881375920151 
881375920168 
881375920175 
881375920182 
881375920199 
881375920205 
881375920212 
881375920229 
881375920236 
881375920243 
881375920250 
881375920267 
881375920274 
881375920281 
881375920298 
881375920304 
881375920311 
881375920328 
881375920335 
881375920342 
881375920359 
881375920366 
881375920373 
881375920380 
881375920397 
881375920403 
881375920410 
881375920427 
881375920434 
881375920441 
881375920458 
881375920465 
881375920472 
881375920489 
881375920496 
881375920502 
881375920519 
881375920526 
881375920533 
881375920540 
881375920557 
881375920564 
881375920571 
881375920588 
881375920595 
881375920601 
881375920618 
881375920625 
881375920632 
881375920649 
881375920656 
881375920663 
881375920670 
881375920687 
881375920694 
881375920700 
881375920717 
881375920724 
881375920731 
881375920748 
881375920755 
881375920762 
881375920779 
881375920786 
881375920793 
881375920809 
881375920816 
881375920823 
881375920830 
881375920847 
881375920854 
881375920861 
881375920878 
881375920885 
881375920892 
881375920908 
881375920915 
881375920922 
881375920939 
881375920946 
881375920953 
881375920960 
881375920977 
881375920984 
881375920991 
881375921004 
881375921011 
881375921028 
881375921035 
881375921042 
881375921059 
881375921066 
881375921073 
881375921080 
881375921097 
881375921103 
881375921110 
881375921127 
881375921134 
881375921141 
881375921158 
881375921165 
881375921172 
881375921189 
881375921196 
881375921202 
881375921219 
881375921226 
881375921233 
881375921240 
881375921257 
881375921264 
881375921271 
881375921288 
881375921295 
881375921301 
881375921318 
881375921325 
881375921332 
881375921349 
881375921356 
881375921363 
881375921370 
881375921387 
881375921394 
881375921400 
881375921417 
881375921424 
881375921431 
881375921448 
881375921455 
881375921462 
881375921479 
881375921486 
881375921493 
881375921509 
881375921516 
881375921523 
881375921530 
881375921547 
881375921554 
881375921561 
881375921578 
881375921585 
881375921592 
881375921608 
881375921615 
881375921622 
881375921639 
881375921646 
881375921653 
881375921660 
881375921677 
881375921684 
881375921691 
881375921707 
881375921714 
881375921721 
881375921738 
881375921745 
881375921752 
881375921769 
881375921776 
881375921783 
881375921790 
881375921806 
881375921813 
881375921820 
881375921837 
881375921844 
881375921851 
881375921868 
881375921875 
881375921882 
881375921899 
881375921905 
881375921912 
881375921929 
881375921936 
881375921943 
881375921950 
881375921967 
881375921974 
881375921981 
881375921998 
881375922001 
881375922018 
881375922025 
881375922032 
881375922049 
881375922056 
881375922063 
881375922070 
881375922087 
881375922094 
881375922100 
881375922117 
881375922124 
881375922131 
881375922148 
881375922155 
881375922162 
881375922179 
881375922186 
881375922193 
881375922209 
881375922216 
881375922223 
881375922230 
881375922247 
881375922254 
881375922261 
881375922278 
881375922285 
881375922292 
881375922308 
881375922315 
881375922322 
881375922339 
881375922346 
881375922353 
881375922360 
881375922377 
881375922384 
881375922391 
881375922407 
881375922414 
881375922421 
881375922438 
881375922445 
881375922452 
881375922469 
881375922476 
881375922483 
881375922490 
881375922506 
881375922513 
881375922520 
881375922537 
881375922544 
881375922551 
881375922568 
881375922575 
881375922582 
881375922599 
881375922605 
881375922612 
881375922629 
881375922636 
881375922643 
881375922650 
881375922667 
881375922674 
881375922681 
881375922698 
881375922704 
881375922711 
881375922728 
881375922735 
881375922742 
881375922759 
881375922766 
881375922773 
881375922780 
881375922797 
881375922803 
881375922810 
881375922827 
881375922834 
881375922841 
881375922858 
881375922865 
881375922872 
881375922889 
881375922896 
881375922902 
881375922919 
881375922926 
881375922933 
881375922940 
881375922957 
881375922964 
881375922971 
881375922988 
881375922995 
881375923008 
881375923015 
881375923022 
881375923039 
881375923046 
881375923053 
881375923060 
881375923077 
881375923084 
881375923091 
881375923107 
881375923114 
881375923121 
881375923138 
881375923145 
881375923152 
881375923169 
881375923176 
881375923183 
881375923190 
881375923206 
881375923213 
881375923220 
881375923237 
881375923244 
881375923251 
881375923268 
881375923275 
881375923282 
881375923299 
881375923305 
881375923312 
881375923329 
881375923336 
881375923343 
881375923350 
881375923367 
881375923374 
881375923381 
881375923398 
881375923404 
881375923411 
881375923428 
881375923435 
881375923442 
881375923459 
881375923466 
881375923473 
881375923480 
881375923497 
881375923503 
881375923510 
881375923527 
881375923534 
881375923541 
881375923558 
881375923565 
881375923572 
881375923589 
881375923596 
881375923602 
881375923619 
881375923626 
881375923633 
881375923640 
881375923657 
881375923664 
881375923671 
881375923688 
881375923695 
881375923701 
881375923718 
881375923725 
881375923732 
881375923749 
881375923756 
881375923763 
881375923770 
881375923787 
881375923794 
881375923800 
881375923817 
881375923824 
881375923831 
881375923848 
881375923855 
881375923862 
881375923879 
881375923886 
881375923893 
881375923909 
881375923916 
881375923923 
881375923930 
881375923947 
881375923954 
881375923961 
881375923978 
881375923985 
881375923992 
881375924005 
881375924012 
881375924029 
881375924036 
881375924043 
881375924050 
881375924067 
881375924074 
881375924081 
881375924098 
881375924104 
881375924111 
881375924128 
881375924135 
881375924142 
881375924159 
881375924166 
881375924173 
881375924180 
881375924197 
881375924203 
881375924210 
881375924227 
881375924234 
881375924241 
881375924258 
881375924265 
881375924272 
881375924289 
881375924296 
881375924302 
881375924319 
881375924326 
881375924333 
881375924340 
881375924357 
881375924364 
881375924371 
881375924388 
881375924395 
881375924401 
881375924418 
881375924425 
881375924432 
881375924449 
881375924456 
881375924463 
881375924470 
881375924487 
881375924494 
881375924500 
881375924517 
881375924524 
881375924531 
881375924548 
881375924555 
881375924562 
881375924579 
881375924586 
881375924593 
881375924609 
881375924616 
881375924623 
881375924630 
881375924647 
881375924654 
881375924661 
881375924678 
881375924685 
881375924692 
881375924708 
881375924715 
881375924722 
881375924739 
881375924746 
881375924753 
881375924760 
881375924777 
881375924784 
881375924791 
881375924807 
881375924814 
881375924821 
881375924838 
881375924845 
881375924852 
881375924869 
881375924876 
881375924883 
881375924890 
881375924906 
881375924913 
881375924920 
881375924937 
881375924944 
881375924951 
881375924968 
881375924975 
881375924982 
881375924999 
881375925002 
881375925019 
881375925026 
881375925033 
881375925040 
881375925057 
881375925064 
881375925071 
881375925088 
881375925095 
881375925101 
881375925118 
881375925125 
881375925132 
881375925149 
881375925156 
881375925163 
881375925170 
881375925187 
881375925194 
881375925200 
881375925217 
881375925224 
881375925231 
881375925248 
881375925255 
881375925262 
881375925279 
881375925286 
881375925293 
881375925309 
881375925316 
881375925323 
881375925330 
881375925347 
881375925354 
881375925361 
881375925378 
881375925385 
881375925392 
881375925408 
881375925415 
881375925422 
881375925439 
881375925446 
881375925453 
881375925460 
881375925477 
881375925484 
881375925491 
881375925507 
881375925514 
881375925521 
881375925538 
881375925545 
881375925552 
881375925569 
881375925576 
881375925583 
881375925590 
881375925606 
881375925613 
881375925620 
881375925637 
881375925644 
881375925651 
881375925668 
881375925675 
881375925682 
881375925699 
881375925705 
881375925712 
881375925729 
881375925736 
881375925743 
881375925750 
881375925767 
881375925774 
881375925781 
881375925798 
881375925804 
881375925811 
881375925828 
881375925835 
881375925842 
881375925859 
881375925866 
881375925873 
881375925880 
881375925897 
881375925903 
881375925910 
881375925927 
881375925934 
881375925941 
881375925958 
881375925965 
881375925972 
881375925989 
881375925996 
881375926009 
881375926016 
881375926023 
881375926030 
881375926047 
881375926054 
881375926061 
881375926078 
881375926085 
881375926092 
881375926108 
881375926115 
881375926122 
881375926139 
881375926146 
881375926153 
881375926160 
881375926177 
881375926184 
881375926191 
881375926207 
881375926214 
881375926221 
881375926238 
881375926245 
881375926252 
881375926269 
881375926276 
881375926283 
881375926290 
881375926306 
881375926313 
881375926320 
881375926337 
881375926344 
881375926351 
881375926368 
881375926375 
881375926382 
881375926399 
881375926405 
881375926412 
881375926429 
881375926436 
881375926443 
881375926450 
881375926467 
881375926474 
881375926481 
881375926498 
881375926504 
881375926511 
881375926528 
881375926535 
881375926542 
881375926559 
881375926566 
881375926573 
881375926580 
881375926597 
881375926603 
881375926610 
881375926627 
881375926634 
881375926641 
881375926658 
881375926665 
881375926672 
881375926689 
881375926696 
881375926702 
881375926719 
881375926726 
881375926733 
881375926740 
881375926757 
881375926764 
881375926771 
881375926788 
881375926795 
881375926801 
881375926818 
881375926825 
881375926832 
881375926849 
881375926856 
881375926863 
881375926870 
881375926887 
881375926894 
881375926900 
881375926917 
881375926924 
881375926931 
881375926948 
881375926955 
881375926962 
881375926979 
881375926986 
881375926993 
881375927006 
881375927013 
881375927020 
881375927037 
881375927044 
881375927051 
881375927068 
881375927075 
881375927082 
881375927099 
881375927105 
881375927112 
881375927129 
881375927136 
881375927143 
881375927150 
881375927167 
881375927174 
881375927181 
881375927198 
881375927204 
881375927211 
881375927228 
881375927235 
881375927242 
881375927259 
881375927266 
881375927273 
881375927280 
881375927297 
881375927303 
881375927310 
881375927327 
881375927334 
881375927341 
881375927358 
881375927365 
881375927372 
881375927389 
881375927396 
881375927402 
881375927419 
881375927426 
881375927433 
881375927440 
881375927457 
881375927464 
881375927471 
881375927488 
881375927495 
881375927501 
881375927518 
881375927525 
881375927532 
881375927549 
881375927556 
881375927563 
881375927570 
881375927587 
881375927594 
881375927600 
881375927617 
881375927624 
881375927631 
881375927648 
881375927655 
881375927662 
881375927679 
881375927686 
881375927693 
881375927709 
881375927716 
881375927723 
881375927730 
881375927747 
881375927754 
881375927761 
881375927778 
881375927785 
881375927792 
881375927808 
881375927815 
881375927822 
881375927839 
881375927846 
881375927853 
881375927860 
881375927877 
881375927884 
881375927891 
881375927907 
881375927914 
881375927921 
881375927938 
881375927945 
881375927952 
881375927969 
881375927976 
881375927983 
881375927990 
881375928003 
881375928010 
881375928027 
881375928034 
881375928041 
881375928058 
881375928065 
881375928072 
881375928089 
881375928096 
881375928102 
881375928119 
881375928126 
881375928133 
881375928140 
881375928157 
881375928164 
881375928171 
881375928188 
881375928195 
881375928201 
881375928218 
881375928225 
881375928232 
881375928249 
881375928256 
881375928263 
881375928270 
881375928287 
881375928294 
881375928300 
881375928317 
881375928324 
881375928331 
881375928348 
881375928355 
881375928362 
881375928379 
881375928386 
881375928393 
881375928409 
881375928416 
881375928423 
881375928430 
881375928447 
881375928454 
881375928461 
881375928478 
881375928485 
881375928492 
881375928508 
881375928515 
881375928522 
881375928539 
881375928546 
881375928553 
881375928560 
881375928577 
881375928584 
881375928591 
881375928607 
881375928614 
881375928621 
881375928638 
881375928645 
881375928652 
881375928669 
881375928676 
881375928683 
881375928690 
881375928706 
881375928713 
881375928720 
881375928737 
881375928744 
881375928751 
881375928768 
881375928775 
881375928782 
881375928799 
881375928805 
881375928812 
881375928829 
881375928836 
881375928843 
881375928850 
881375928867 
881375928874 
881375928881 
881375928898 
881375928904 
881375928911 
881375928928 
881375928935 
881375928942 
881375928959 
881375928966 
881375928973 
881375928980 
881375928997 
881375929000 
881375929017 
881375929024 
881375929031 
881375929048 
881375929055 
881375929062 
881375929079 
881375929086 
881375929093 
881375929109 
881375929116 
881375929123 
881375929130 
881375929147 
881375929154 
881375929161 
881375929178 
881375929185 
881375929192 
881375929208 
881375929215 
881375929222 
881375929239 
881375929246 
881375929253 
881375929260 
881375929277 
881375929284 
881375929291 
881375929307 
881375929314 
881375929321 
881375929338 
881375929345 
881375929352 
881375929369 
881375929376 
881375929383 
881375929390 
881375929406 
881375929413 
881375929420 
881375929437 
881375929444 
881375929451 
881375929468 
881375929475 
881375929482 
881375929499 
881375929505 
881375929512 
881375929529 
881375929536 
881375929543 
881375929550 
881375929567 
881375929574 
881375929581 
881375929598 
881375929604 
881375929611 
881375929628 
881375929635 
881375929642 
881375929659 
881375929666 
881375929673 
881375929680 
881375929697 
881375929703 
881375929710 
881375929727 
881375929734 
881375929741 
881375929758 
881375929765 
881375929772 
881375929789 
881375929796 
881375929802 
881375929819 
881375929826 
881375929833 
881375929840 
881375929857 
881375929864 
881375929871 
881375929888 
881375929895 
881375929901 
881375929918 
881375929925 
881375929932 
881375929949 
881375929956 
881375929963 
881375929970 
881375929987 
881375929994 
881375930006 
881375930013 
881375930020 
881375930037 
881375930044 
881375930051 
881375930068 
881375930075 
881375930082 
881375930099 
881375930105 
881375930112 
881375930129 
881375930136 
881375930143 
881375930150 
881375930167 
881375930174 
881375930181 
881375930198 
881375930204 
881375930211 
881375930228 
881375930235 
881375930242 
881375930259 
881375930266 
881375930273 
881375930280 
881375930297 
881375930303 
881375930310 
881375930327 
881375930334 
881375930341 
881375930358 
881375930365 
881375930372 
881375930389 
881375930396 
881375930402 
881375930419 
881375930426 
881375930433 
881375930440 
881375930457 
881375930464 
881375930471 
881375930488 
881375930495 
881375930501 
881375930518 
881375930525 
881375930532 
881375930549 
881375930556 
881375930563 
881375930570 
881375930587 
881375930594 
881375930600 
881375930617 
881375930624 
881375930631 
881375930648 
881375930655 
881375930662 
881375930679 
881375930686 
881375930693 
881375930709 
881375930716 
881375930723 
881375930730 
881375930747 
881375930754 
881375930761 
881375930778 
881375930785 
881375930792 
881375930808 
881375930815 
881375930822 
881375930839 
881375930846 
881375930853 
881375930860 
881375930877 
881375930884 
881375930891 
881375930907 
881375930914 
881375930921 
881375930938 
881375930945 
881375930952 
881375930969 
881375930976 
881375930983 
881375930990 
881375931003 
881375931010 
881375931027 
881375931034 
881375931041 
881375931058 
881375931065 
881375931072 
881375931089 
881375931096 
881375931102 
881375931119 
881375931126 
881375931133 
881375931140 
881375931157 
881375931164 
881375931171 
881375931188 
881375931195 
881375931201 
881375931218 
881375931225 
881375931232 
881375931249 
881375931256 
881375931263 
881375931270 
881375931287 
881375931294 
881375931300 
881375931317 
881375931324 
881375931331 
881375931348 
881375931355 
881375931362 
881375931379 
881375931386 
881375931393 
881375931409 
881375931416 
881375931423 
881375931430 
881375931447 
881375931454 
881375931461 
881375931478 
881375931485 
881375931492 
881375931508 
881375931515 
881375931522 
881375931539 
881375931546 
881375931553 
881375931560 
881375931577 
881375931584 
881375931591 
881375931607 
881375931614 
881375931621 
881375931638 
881375931645 
881375931652 
881375931669 
881375931676 
881375931683 
881375931690 
881375931706 
881375931713 
881375931720 
881375931737 
881375931744 
881375931751 
881375931768 
881375931775 
881375931782 
881375931799 
881375931805 
881375931812 
881375931829 
881375931836 
881375931843 
881375931850 
881375931867 
881375931874 
881375931881 
881375931898 
881375931904 
881375931911 
881375931928 
881375931935 
881375931942 
881375931959 
881375931966 
881375931973 
881375931980 
881375931997 
881375932000 
881375932017 
881375932024 
881375932031 
881375932048 
881375932055 
881375932062 
881375932079 
881375932086 
881375932093 
881375932109 
881375932116 
881375932123 
881375932130 
881375932147 
881375932154 
881375932161 
881375932178 
881375932185 
881375932192 
881375932208 
881375932215 
881375932222 
881375932239 
881375932246 
881375932253 
881375932260 
881375932277 
881375932284 
881375932291 
881375932307 
881375932314 
881375932321 
881375932338 
881375932345 
881375932352 
881375932369 
881375932376 
881375932383 
881375932390 
881375932406 
881375932413 
881375932420 
881375932437 
881375932444 
881375932451 
881375932468 
881375932475 
881375932482 
881375932499 
881375932505 
881375932512 
881375932529 
881375932536 
881375932543 
881375932550 
881375932567 
881375932574 
881375932581 
881375932598 
881375932604 
881375932611 
881375932628 
881375932635 
881375932642 
881375932659 
881375932666 
881375932673 
881375932680 
881375932697 
881375932703 
881375932710 
881375932727 
881375932734 
881375932741 
881375932758 
881375932765 
881375932772 
881375932789 
881375932796 
881375932802 
881375932819 
881375932826 
881375932833 
881375932840 
881375932857 
881375932864 
881375932871 
881375932888 
881375932895 
881375932901 
881375932918 
881375932925 
881375932932 
881375932949 
881375932956 
881375932963 
881375932970 
881375932987 
881375932994 
881375933007 
881375933014 
881375933021 
881375933038 
881375933045 
881375933052 
881375933069 
881375933076 
881375933083 
881375933090 
881375933106 
881375933113 
881375933120 
881375933137 
881375933144 
881375933151 
881375933168 
881375933175 
881375933182 
881375933199 
881375933205 
881375933212 
881375933229 
881375933236 
881375933243 
881375933250 
881375933267 
881375933274 
881375933281 
881375933298 
881375933304 
881375933311 
881375933328 
881375933335 
881375933342 
881375933359 
881375933366 
881375933373 
881375933380 
881375933397 
881375933403 
881375933410 
881375933427 
881375933434 
881375933441 
881375933458 
881375933465 
881375933472 
881375933489 
881375933496 
881375933502 
881375933519 
881375933526 
881375933533 
881375933540 
881375933557 
881375933564 
881375933571 
881375933588 
881375933595 
881375933601 
881375933618 
881375933625 
881375933632 
881375933649 
881375933656 
881375933663 
881375933670 
881375933687 
881375933694 
881375933700 
881375933717 
881375933724 
881375933731 
881375933748 
881375933755 
881375933762 
881375933779 
881375933786 
881375933793 
881375933809 
881375933816 
881375933823 
881375933830 
881375933847 
881375933854 
881375933861 
881375933878 
881375933885 
881375933892 
881375933908 
881375933915 
881375933922 
881375933939 
881375933946 
881375933953 
881375933960 
881375933977 
881375933984 
881375933991 
881375934004 
881375934011 
881375934028 
881375934035 
881375934042 
881375934059 
881375934066 
881375934073 
881375934080 
881375934097 
881375934103 
881375934110 
881375934127 
881375934134 
881375934141 
881375934158 
881375934165 
881375934172 
881375934189 
881375934196 
881375934202 
881375934219 
881375934226 
881375934233 
881375934240 
881375934257 
881375934264 
881375934271 
881375934288 
881375934295 
881375934301 
881375934318 
881375934325 
881375934332 
881375934349 
881375934356 
881375934363 
881375934370 
881375934387 
881375934394 
881375934400 
881375934417 
881375934424 
881375934431 
881375934448 
881375934455 
881375934462 
881375934479 
881375934486 
881375934493 
881375934509 
881375934516 
881375934523 
881375934530 
881375934547 
881375934554 
881375934561 
881375934578 
881375934585 
881375934592 
881375934608 
881375934615 
881375934622 
881375934639 
881375934646 
881375934653 
881375934660 
881375934677 
881375934684 
881375934691 
881375934707 
881375934714 
881375934721 
881375934738 
881375934745 
881375934752 
881375934769 
881375934776 
881375934783 
881375934790 
881375934806 
881375934813 
881375934820 
881375934837 
881375934844 
881375934851 
881375934868 
881375934875 
881375934882 
881375934899 
881375934905 
881375934912 
881375934929 
881375934936 
881375934943 
881375934950 
881375934967 
881375934974 
881375934981 
881375934998 
881375935001 
881375935018 
881375935025 
881375935032 
881375935049 
881375935056 
881375935063 
881375935070 
881375935087 
881375935094 
881375935100 
881375935117 
881375935124 
881375935131 
881375935148 
881375935155 
881375935162 
881375935179 
881375935186 
881375935193 
881375935209 
881375935216 
881375935223 
881375935230 
881375935247 
881375935254 
881375935261 
881375935278 
881375935285 
881375935292 
881375935308 
881375935315 
881375935322 
881375935339 
881375935346 
881375935353 
881375935360 
881375935377 
881375935384 
881375935391 
881375935407 
881375935414 
881375935421 
881375935438 
881375935445 
881375935452 
881375935469 
881375935476 
881375935483 
881375935490 
881375935506 
881375935513 
881375935520 
881375935537 
881375935544 
881375935551 
881375935568 
881375935575 
881375935582 
881375935599 
881375935605 
881375935612 
881375935629 
881375935636 
881375935643 
881375935650 
881375935667 
881375935674 
881375935681 
881375935698 
881375935704 
881375935711 
881375935728 
881375935735 
881375935742 
881375935759 
881375935766 
881375935773 
881375935780 
881375935797 
881375935803 
881375935810 
881375935827 
881375935834 
881375935841 
881375935858 
881375935865 
881375935872 
881375935889 
881375935896 
881375935902 
881375935919 
881375935926 
881375935933 
881375935940 
881375935957 
881375935964 
881375935971 
881375935988 
881375935995 
881375936008 
881375936015 
881375936022 
881375936039 
881375936046 
881375936053 
881375936060 
881375936077 
881375936084 
881375936091 
881375936107 
881375936114 
881375936121 
881375936138 
881375936145 
881375936152 
881375936169 
881375936176 
881375936183 
881375936190 
881375936206 
881375936213 
881375936220 
881375936237 
881375936244 
881375936251 
881375936268 
881375936275 
881375936282 
881375936299 
881375936305 
881375936312 
881375936329 
881375936336 
881375936343 
881375936350 
881375936367 
881375936374 
881375936381 
881375936398 
881375936404 
881375936411 
881375936428 
881375936435 
881375936442 
881375936459 
881375936466 
881375936473 
881375936480 
881375936497 
881375936503 
881375936510 
881375936527 
881375936534 
881375936541 
881375936558 
881375936565 
881375936572 
881375936589 
881375936596 
881375936602 
881375936619 
881375936626 
881375936633 
881375936640 
881375936657 
881375936664 
881375936671 
881375936688 
881375936695 
881375936701 
881375936718 
881375936725 
881375936732 
881375936749 
881375936756 
881375936763 
881375936770 
881375936787 
881375936794 
881375936800 
881375936817 
881375936824 
881375936831 
881375936848 
881375936855 
881375936862 
881375936879 
881375936886 
881375936893 
881375936909 
881375936916 
881375936923 
881375936930 
881375936947 
881375936954 
881375936961 
881375936978 
881375936985 
881375936992 
881375937005 
881375937012 
881375937029 
881375937036 
881375937043 
881375937050 
881375937067 
881375937074 
881375937081 
881375937098 
881375937104 
881375937111 
881375937128 
881375937135 
881375937142 
881375937159 
881375937166 
881375937173 
881375937180 
881375937197 
881375937203 
881375937210 
881375937227 
881375937234 
881375937241 
881375937258 
881375937265 
881375937272 
881375937289 
881375937296 
881375937302 
881375937319 
881375937326 
881375937333 
881375937340 
881375937357 
881375937364 
881375937371 
881375937388 
881375937395 
881375937401 
881375937418 
881375937425 
881375937432 
881375937449 
881375937456 
881375937463 
881375937470 
881375937487 
881375937494 
881375937500 
881375937517 
881375937524 
881375937531 
881375937548 
881375937555 
881375937562 
881375937579 
881375937586 
881375937593 
881375937609 
881375937616 
881375937623 
881375937630 
881375937647 
881375937654 
881375937661 
881375937678 
881375937685 
881375937692 
881375937708 
881375937715 
881375937722 
881375937739 
881375937746 
881375937753 
881375937760 
881375937777 
881375937784 
881375937791 
881375937807 
881375937814 
881375937821 
881375937838 
881375937845 
881375937852 
881375937869 
881375937876 
881375937883 
881375937890 
881375937906 
881375937913 
881375937920 
881375937937 
881375937944 
881375937951 
881375937968 
881375937975 
881375937982 
881375937999 
881375938002 
881375938019 
881375938026 
881375938033 
881375938040 
881375938057 
881375938064 
881375938071 
881375938088 
881375938095 
881375938101 
881375938118 
881375938125 
881375938132 
881375938149 
881375938156 
881375938163 
881375938170 
881375938187 
881375938194 
881375938200 
881375938217 
881375938224 
881375938231 
881375938248 
881375938255 
881375938262 
881375938279 
881375938286 
881375938293 
881375938309 
881375938316 
881375938323 
881375938330 
881375938347 
881375938354 
881375938361 
881375938378 
881375938385 
881375938392 
881375938408 
881375938415 
881375938422 
881375938439 
881375938446 
881375938453 
881375938460 
881375938477 
881375938484 
881375938491 
881375938507 
881375938514 
881375938521 
881375938538 
881375938545 
881375938552 
881375938569 
881375938576 
881375938583 
881375938590 
881375938606 
881375938613 
881375938620 
881375938637 
881375938644 
881375938651 
881375938668 
881375938675 
881375938682 
881375938699 
881375938705 
881375938712 
881375938729 
881375938736 
881375938743 
881375938750 
881375938767 
881375938774 
881375938781 
881375938798 
881375938804 
881375938811 
881375938828 
881375938835 
881375938842 
881375938859 
881375938866 
881375938873 
881375938880 
881375938897 
881375938903 
881375938910 
881375938927 
881375938934 
881375938941 
881375938958 
881375938965 
881375938972 
881375938989 
881375938996 
881375939009 
881375939016 
881375939023 
881375939030 
881375939047 
881375939054 
881375939061 
881375939078 
881375939085 
881375939092 
881375939108 
881375939115 
881375939122 
881375939139 
881375939146 
881375939153 
881375939160 
881375939177 
881375939184 
881375939191 
881375939207 
881375939214 
881375939221 
881375939238 
881375939245 
881375939252 
881375939269 
881375939276 
881375939283 
881375939290 
881375939306 
881375939313 
881375939320 
881375939337 
881375939344 
881375939351 
881375939368 
881375939375 
881375939382 
881375939399 
881375939405 
881375939412 
881375939429 
881375939436 
881375939443 
881375939450 
881375939467 
881375939474 
881375939481 
881375939498 
881375939504 
881375939511 
881375939528 
881375939535 
881375939542 
881375939559 
881375939566 
881375939573 
881375939580 
881375939597 
881375939603 
881375939610 
881375939627 
881375939634 
881375939641 
881375939658 
881375939665 
881375939672 
881375939689 
881375939696 
881375939702 
881375939719 
881375939726 
881375939733 
881375939740 
881375939757 
881375939764 
881375939771 
881375939788 
881375939795 
881375939801 
881375939818 
881375939825 
881375939832 
881375939849 
881375939856 
881375939863 
881375939870 
881375939887 
881375939894 
881375939900 
881375939917 
881375939924 
881375939931 
881375939948 
881375939955 
881375939962 
881375939979 
881375939986 
881375939993 
881375940005 
881375940012 
881375940029 
881375940036 
881375940043 
881375940050 
881375940067 
881375940074 
881375940081 
881375940098 
881375940104 
881375940111 
881375940128 
881375940135 
881375940142 
881375940159 
881375940166 
881375940173 
881375940180 
881375940197 
881375940203 
881375940210 
881375940227 
881375940234 
881375940241 
881375940258 
881375940265 
881375940272 
881375940289 
881375940296 
881375940302 
881375940319 
881375940326 
881375940333 
881375940340 
881375940357 
881375940364 
881375940371 
881375940388 
881375940395 
881375940401 
881375940418 
881375940425 
881375940432 
881375940449 
881375940456 
881375940463 
881375940470 
881375940487 
881375940494 
881375940500 
881375940517 
881375940524 
881375940531 
881375940548 
881375940555 
881375940562 
881375940579 
881375940586 
881375940593 
881375940609 
881375940616 
881375940623 
881375940630 
881375940647 
881375940654 
881375940661 
881375940678 
881375940685 
881375940692 
881375940708 
881375940715 
881375940722 
881375940739 
881375940746 
881375940753 
881375940760 
881375940777 
881375940784 
881375940791 
881375940807 
881375940814 
881375940821 
881375940838 
881375940845 
881375940852 
881375940869 
881375940876 
881375940883 
881375940890 
881375940906 
881375940913 
881375940920 
881375940937 
881375940944 
881375940951 
881375940968 
881375940975 
881375940982 
881375940999 
881375941002 
881375941019 
881375941026 
881375941033 
881375941040 
881375941057 
881375941064 
881375941071 
881375941088 
881375941095 
881375941101 
881375941118 
881375941125 
881375941132 
881375941149 
881375941156 
881375941163 
881375941170 
881375941187 
881375941194 
881375941200 
881375941217 
881375941224 
881375941231 
881375941248 
881375941255 
881375941262 
881375941279 
881375941286 
881375941293 
881375941309 
881375941316 
881375941323 
881375941330 
881375941347 
881375941354 
881375941361 
881375941378 
881375941385 
881375941392 
881375941408 
881375941415 
881375941422 
881375941439 
881375941446 
881375941453 
881375941460 
881375941477 
881375941484 
881375941491 
881375941507 
881375941514 
881375941521 
881375941538 
881375941545 
881375941552 
881375941569 
881375941576 
881375941583 
881375941590 
881375941606 
881375941613 
881375941620 
881375941637 
881375941644 
881375941651 
881375941668 
881375941675 
881375941682 
881375941699 
881375941705 
881375941712 
881375941729 
881375941736 
881375941743 
881375941750 
881375941767 
881375941774 
881375941781 
881375941798 
881375941804 
881375941811 
881375941828 
881375941835 
881375941842 
881375941859 
881375941866 
881375941873 
881375941880 
881375941897 
881375941903 
881375941910 
881375941927 
881375941934 
881375941941 
881375941958 
881375941965 
881375941972 
881375941989 
881375941996 
881375942009 
881375942016 
881375942023 
881375942030 
881375942047 
881375942054 
881375942061 
881375942078 
881375942085 
881375942092 
881375942108 
881375942115 
881375942122 
881375942139 
881375942146 
881375942153 
881375942160 
881375942177 
881375942184 
881375942191 
881375942207 
881375942214 
881375942221 
881375942238 
881375942245 
881375942252 
881375942269 
881375942276 
881375942283 
881375942290 
881375942306 
881375942313 
881375942320 
881375942337 
881375942344 
881375942351 
881375942368 
881375942375 
881375942382 
881375942399 
881375942405 
881375942412 
881375942429 
881375942436 
881375942443 
881375942450 
881375942467 
881375942474 
881375942481 
881375942498 
881375942504 
881375942511 
881375942528 
881375942535 
881375942542 
881375942559 
881375942566 
881375942573 
881375942580 
881375942597 
881375942603 
881375942610 
881375942627 
881375942634 
881375942641 
881375942658 
881375942665 
881375942672 
881375942689 
881375942696 
881375942702 
881375942719 
881375942726 
881375942733 
881375942740 
881375942757 
881375942764 
881375942771 
881375942788 
881375942795 
881375942801 
881375942818 
881375942825 
881375942832 
881375942849 
881375942856 
881375942863 
881375942870 
881375942887 
881375942894 
881375942900 
881375942917 
881375942924 
881375942931 
881375942948 
881375942955 
881375942962 
881375942979 
881375942986 
881375942993 
881375943006 
881375943013 
881375943020 
881375943037 
881375943044 
881375943051 
881375943068 
881375943075 
881375943082 
881375943099 
881375943105 
881375943112 
881375943129 
881375943136 
881375943143 
881375943150 
881375943167 
881375943174 
881375943181 
881375943198 
881375943204 
881375943211 
881375943228 
881375943235 
881375943242 
881375943259 
881375943266 
881375943273 
881375943280 
881375943297 
881375943303 
881375943310 
881375943327 
881375943334 
881375943341 
881375943358 
881375943365 
881375943372 
881375943389 
881375943396 
881375943402 
881375943419 
881375943426 
881375943433 
881375943440 
881375943457 
881375943464 
881375943471 
881375943488 
881375943495 
881375943501 
881375943518 
881375943525 
881375943532 
881375943549 
881375943556 
881375943563 
881375943570 
881375943587 
881375943594 
881375943600 
881375943617 
881375943624 
881375943631 
881375943648 
881375943655 
881375943662 
881375943679 
881375943686 
881375943693 
881375943709 
881375943716 
881375943723 
881375943730 
881375943747 
881375943754 
881375943761 
881375943778 
881375943785 
881375943792 
881375943808 
881375943815 
881375943822 
881375943839 
881375943846 
881375943853 
881375943860 
881375943877 
881375943884 
881375943891 
881375943907 
881375943914 