1033 1500 0.688666666666667
1001 1500 0.667333333333333
800 1200 0.666666666666667
2848 4272 0.666666666666667
1100 1500 0.733333333333333
1500 1200 1.25
2000 3000 0.666666666666667
1280 1280 1
1000 1500 0.666666666666667
1500 2062 0.7274490785645
1500 1122 1.33689839572193
1500 2256 0.664893617021277
1456 2043 0.712677435144396
1800 2700 0.666666666666667
1500 2443 0.613999181334425
1500 2303 0.651324359531047
1500 940 1.59574468085106
1010 1500 0.673333333333333
1005 1500 0.67
1001 1501 0.66688874083944
1093 1001 1.09190809190809
1464 1001 1.46253746253746
2283 4149 0.550253073029646
2351 3938 0.597003555104114
2739 4170 0.656834532374101
1666 2832 0.588276836158192
2639 4352 0.606387867647059
2244 3690 0.608130081300813
2697 4030 0.669230769230769
2250 4292 0.524231127679404
2080 3834 0.542514345331247
2496 3946 0.632539280283832
1998 2997 0.666666666666667
2037 3768 0.540605095541401
2348 4063 0.577898104848634
2171 3836 0.565954118873827
1001 1502 0.666444740346205
1001 1001 1
3120 4208 0.741444866920152
1001 1000 1.001
1411 1001 1.40959040959041
1287 1001 1.28571428571429
1241 1001 1.23976023976024
1322 1001 1.32067932067932
1245 1001 1.24375624375624
1440 1920 0.75
1134 1001 1.13286713286713
1183 1001 1.18181818181818
1246 1001 1.24475524475524
1295 1001 1.29370629370629
1369 1001 1.36763236763237
1390 1001 1.38861138861139
1276 1001 1.27472527472527
1370 1001 1.36863136863137
1286 1001 1.28471528471528
1280 1001 1.27872127872128
1078 1920 0.561458333333333
1024 1024 1
1500 1001 1.4985014985015
1280 1920 0.666666666666667















